name: MultiCook
channels:
  - anaconda
  - conda-forge
  - bioconda
  - defaults
dependencies:
  - colorama=0.4.4
  - flask=2.0.3
  - python=3.6.5
  - sqlite=3.20.1
  - pyliftover=0.4.1
  - git=2.24.0
  - git-bash=2.24.0
  - _r-mutex=1.0.0
  - blas=1.0
  - ca-certificates=2024.9.24
  - certifi=2021.5.30
  - click=8.0.3
  - dataclasses=0.8
  - intel-openmp=2023.1.0
  - itsdangerous=2.0.1
  - jinja2=3.0.3
  - m2w64-bwidget=1.9.10
  - m2w64-bzip2=1.0.6
  - m2w64-expat=2.1.1
  - m2w64-fftw=3.3.4
  - m2w64-flac=1.3.1
  - m2w64-gcc-libgfortran=5.3.0
  - m2w64-gcc-libs=5.3.0
  - m2w64-gcc-libs-core=5.3.0
  - m2w64-gettext=0.19.7
  - m2w64-gmp=6.1.0
  - m2w64-gsl=2.1
  - m2w64-libiconv=1.14
  - m2w64-libjpeg-turbo=1.4.2
  - m2w64-libogg=1.3.2
  - m2w64-libpng=1.6.21
  - m2w64-libsndfile=1.0.26
  - m2w64-libtiff=4.0.6
  - m2w64-libvorbis=1.3.5
  - m2w64-libwinpthread-git=5.0.0.4634.697f757
  - m2w64-libxml2=2.9.3
  - m2w64-mpfr=3.1.4
  - m2w64-openblas=0.2.19
  - m2w64-pcre=8.38
  - m2w64-speex=1.2rc2
  - m2w64-speexdsp=1.2rc3
  - m2w64-tcl=8.6.5
  - m2w64-tk=8.6.5
  - m2w64-tktable=2.10
  - m2w64-wineditline=2.101
  - m2w64-xz=5.2.2
  - m2w64-zlib=1.2.8
  - markupsafe=2.0.1
  - mkl=2020.2
  - mkl-service=2.3.0
  - mkl_fft=1.3.0
  - mkl_random=1.1.1
  - msys2-conda-epoch=20160418
  - numpy=1.19.2
  - numpy-base=1.19.2
  - pandas=0.25.3
  - perl=5.26.2.1
  - pip=21.2.2
  - python-dateutil=2.8.2
  - pytz=2021.3
  - r-base=3.6.1
  - r-data.table=1.12.2
  - setuptools=58.0.4
  - six=1.16.0
  - vc=14.40
  - vs2008_runtime=9.00.30729.1
  - vs2015_runtime=14.40.33807
  - werkzeug=2.0.3
  - wheel=0.37.1
  - wincertstore=0.2
prefix: C:\Users\user\Anaconda3\envs\MultiCook

